A = [2 1; -1 0];
B = [0 1; -1 0];
C = [1.98 .99; -.99 0];

% Matrix A
D_a = [1 1; 0 1]
D_a^1000000
A^1000000

% Matrix B
D_b = [i 0; 0 -i]
D_b^1000000

% The two "limits" are different. Thus, lim Bn DNE.
B^1000000
B^1000001

% Matrix C
D_c = [0.99 1; 0 0.99]
D_c^1000000
C^1000000







